{
 "cells": [
  {
   "cell_type": "code",
   "execution_count": 860,
   "id": "989fd7cb",
   "metadata": {},
   "outputs": [],
   "source": [
    "import pandas as pd\n",
    "import numpy as np\n",
    "from itertools import combinations\n",
    "from sklearn.model_selection import train_test_split\n",
    "from sklearn import linear_model\n",
    "from sklearn.metrics import r2_score\n",
    "from sklearn.preprocessing import PolynomialFeatures\n",
    "import matplotlib.pyplot as plt\n",
    "from scipy import stats\n",
    "import statsmodels.formula.api as smf\n",
    "from sklearn.preprocessing import StandardScaler\n",
    "from sklearn.neighbors import KNeighborsRegressor"
   ]
  },
  {
   "cell_type": "code",
   "execution_count": 861,
   "id": "4eebe99b",
   "metadata": {},
   "outputs": [
    {
     "data": {
      "text/html": [
       "<div>\n",
       "<style scoped>\n",
       "    .dataframe tbody tr th:only-of-type {\n",
       "        vertical-align: middle;\n",
       "    }\n",
       "\n",
       "    .dataframe tbody tr th {\n",
       "        vertical-align: top;\n",
       "    }\n",
       "\n",
       "    .dataframe thead th {\n",
       "        text-align: right;\n",
       "    }\n",
       "</style>\n",
       "<table border=\"1\" class=\"dataframe\">\n",
       "  <thead>\n",
       "    <tr style=\"text-align: right;\">\n",
       "      <th></th>\n",
       "      <th>crim</th>\n",
       "      <th>zn</th>\n",
       "      <th>indus</th>\n",
       "      <th>chas</th>\n",
       "      <th>nox</th>\n",
       "      <th>rm</th>\n",
       "      <th>age</th>\n",
       "      <th>dis</th>\n",
       "      <th>tax</th>\n",
       "      <th>ptratio</th>\n",
       "      <th>...</th>\n",
       "      <th>medv</th>\n",
       "      <th>rad_1</th>\n",
       "      <th>rad_2</th>\n",
       "      <th>rad_3</th>\n",
       "      <th>rad_4</th>\n",
       "      <th>rad_5</th>\n",
       "      <th>rad_6</th>\n",
       "      <th>rad_7</th>\n",
       "      <th>rad_8</th>\n",
       "      <th>rad_24</th>\n",
       "    </tr>\n",
       "  </thead>\n",
       "  <tbody>\n",
       "    <tr>\n",
       "      <th>0</th>\n",
       "      <td>0.00632</td>\n",
       "      <td>18.0</td>\n",
       "      <td>2.31</td>\n",
       "      <td>0</td>\n",
       "      <td>0.538</td>\n",
       "      <td>6.575</td>\n",
       "      <td>65.2</td>\n",
       "      <td>4.0900</td>\n",
       "      <td>296</td>\n",
       "      <td>15.3</td>\n",
       "      <td>...</td>\n",
       "      <td>24.0</td>\n",
       "      <td>1</td>\n",
       "      <td>0</td>\n",
       "      <td>0</td>\n",
       "      <td>0</td>\n",
       "      <td>0</td>\n",
       "      <td>0</td>\n",
       "      <td>0</td>\n",
       "      <td>0</td>\n",
       "      <td>0</td>\n",
       "    </tr>\n",
       "    <tr>\n",
       "      <th>1</th>\n",
       "      <td>0.02731</td>\n",
       "      <td>0.0</td>\n",
       "      <td>7.07</td>\n",
       "      <td>0</td>\n",
       "      <td>0.469</td>\n",
       "      <td>6.421</td>\n",
       "      <td>78.9</td>\n",
       "      <td>4.9671</td>\n",
       "      <td>242</td>\n",
       "      <td>17.8</td>\n",
       "      <td>...</td>\n",
       "      <td>21.6</td>\n",
       "      <td>0</td>\n",
       "      <td>1</td>\n",
       "      <td>0</td>\n",
       "      <td>0</td>\n",
       "      <td>0</td>\n",
       "      <td>0</td>\n",
       "      <td>0</td>\n",
       "      <td>0</td>\n",
       "      <td>0</td>\n",
       "    </tr>\n",
       "    <tr>\n",
       "      <th>2</th>\n",
       "      <td>0.02729</td>\n",
       "      <td>0.0</td>\n",
       "      <td>7.07</td>\n",
       "      <td>0</td>\n",
       "      <td>0.469</td>\n",
       "      <td>7.185</td>\n",
       "      <td>61.1</td>\n",
       "      <td>4.9671</td>\n",
       "      <td>242</td>\n",
       "      <td>17.8</td>\n",
       "      <td>...</td>\n",
       "      <td>34.7</td>\n",
       "      <td>0</td>\n",
       "      <td>1</td>\n",
       "      <td>0</td>\n",
       "      <td>0</td>\n",
       "      <td>0</td>\n",
       "      <td>0</td>\n",
       "      <td>0</td>\n",
       "      <td>0</td>\n",
       "      <td>0</td>\n",
       "    </tr>\n",
       "    <tr>\n",
       "      <th>3</th>\n",
       "      <td>0.03237</td>\n",
       "      <td>0.0</td>\n",
       "      <td>2.18</td>\n",
       "      <td>0</td>\n",
       "      <td>0.458</td>\n",
       "      <td>6.998</td>\n",
       "      <td>45.8</td>\n",
       "      <td>6.0622</td>\n",
       "      <td>222</td>\n",
       "      <td>18.7</td>\n",
       "      <td>...</td>\n",
       "      <td>33.4</td>\n",
       "      <td>0</td>\n",
       "      <td>0</td>\n",
       "      <td>1</td>\n",
       "      <td>0</td>\n",
       "      <td>0</td>\n",
       "      <td>0</td>\n",
       "      <td>0</td>\n",
       "      <td>0</td>\n",
       "      <td>0</td>\n",
       "    </tr>\n",
       "    <tr>\n",
       "      <th>4</th>\n",
       "      <td>0.06905</td>\n",
       "      <td>0.0</td>\n",
       "      <td>2.18</td>\n",
       "      <td>0</td>\n",
       "      <td>0.458</td>\n",
       "      <td>7.147</td>\n",
       "      <td>54.2</td>\n",
       "      <td>6.0622</td>\n",
       "      <td>222</td>\n",
       "      <td>18.7</td>\n",
       "      <td>...</td>\n",
       "      <td>36.2</td>\n",
       "      <td>0</td>\n",
       "      <td>0</td>\n",
       "      <td>1</td>\n",
       "      <td>0</td>\n",
       "      <td>0</td>\n",
       "      <td>0</td>\n",
       "      <td>0</td>\n",
       "      <td>0</td>\n",
       "      <td>0</td>\n",
       "    </tr>\n",
       "    <tr>\n",
       "      <th>...</th>\n",
       "      <td>...</td>\n",
       "      <td>...</td>\n",
       "      <td>...</td>\n",
       "      <td>...</td>\n",
       "      <td>...</td>\n",
       "      <td>...</td>\n",
       "      <td>...</td>\n",
       "      <td>...</td>\n",
       "      <td>...</td>\n",
       "      <td>...</td>\n",
       "      <td>...</td>\n",
       "      <td>...</td>\n",
       "      <td>...</td>\n",
       "      <td>...</td>\n",
       "      <td>...</td>\n",
       "      <td>...</td>\n",
       "      <td>...</td>\n",
       "      <td>...</td>\n",
       "      <td>...</td>\n",
       "      <td>...</td>\n",
       "      <td>...</td>\n",
       "    </tr>\n",
       "    <tr>\n",
       "      <th>501</th>\n",
       "      <td>0.06263</td>\n",
       "      <td>0.0</td>\n",
       "      <td>11.93</td>\n",
       "      <td>0</td>\n",
       "      <td>0.573</td>\n",
       "      <td>6.593</td>\n",
       "      <td>69.1</td>\n",
       "      <td>2.4786</td>\n",
       "      <td>273</td>\n",
       "      <td>21.0</td>\n",
       "      <td>...</td>\n",
       "      <td>22.4</td>\n",
       "      <td>1</td>\n",
       "      <td>0</td>\n",
       "      <td>0</td>\n",
       "      <td>0</td>\n",
       "      <td>0</td>\n",
       "      <td>0</td>\n",
       "      <td>0</td>\n",
       "      <td>0</td>\n",
       "      <td>0</td>\n",
       "    </tr>\n",
       "    <tr>\n",
       "      <th>502</th>\n",
       "      <td>0.04527</td>\n",
       "      <td>0.0</td>\n",
       "      <td>11.93</td>\n",
       "      <td>0</td>\n",
       "      <td>0.573</td>\n",
       "      <td>6.120</td>\n",
       "      <td>76.7</td>\n",
       "      <td>2.2875</td>\n",
       "      <td>273</td>\n",
       "      <td>21.0</td>\n",
       "      <td>...</td>\n",
       "      <td>20.6</td>\n",
       "      <td>1</td>\n",
       "      <td>0</td>\n",
       "      <td>0</td>\n",
       "      <td>0</td>\n",
       "      <td>0</td>\n",
       "      <td>0</td>\n",
       "      <td>0</td>\n",
       "      <td>0</td>\n",
       "      <td>0</td>\n",
       "    </tr>\n",
       "    <tr>\n",
       "      <th>503</th>\n",
       "      <td>0.06076</td>\n",
       "      <td>0.0</td>\n",
       "      <td>11.93</td>\n",
       "      <td>0</td>\n",
       "      <td>0.573</td>\n",
       "      <td>6.976</td>\n",
       "      <td>91.0</td>\n",
       "      <td>2.1675</td>\n",
       "      <td>273</td>\n",
       "      <td>21.0</td>\n",
       "      <td>...</td>\n",
       "      <td>23.9</td>\n",
       "      <td>1</td>\n",
       "      <td>0</td>\n",
       "      <td>0</td>\n",
       "      <td>0</td>\n",
       "      <td>0</td>\n",
       "      <td>0</td>\n",
       "      <td>0</td>\n",
       "      <td>0</td>\n",
       "      <td>0</td>\n",
       "    </tr>\n",
       "    <tr>\n",
       "      <th>504</th>\n",
       "      <td>0.10959</td>\n",
       "      <td>0.0</td>\n",
       "      <td>11.93</td>\n",
       "      <td>0</td>\n",
       "      <td>0.573</td>\n",
       "      <td>6.794</td>\n",
       "      <td>89.3</td>\n",
       "      <td>2.3889</td>\n",
       "      <td>273</td>\n",
       "      <td>21.0</td>\n",
       "      <td>...</td>\n",
       "      <td>22.0</td>\n",
       "      <td>1</td>\n",
       "      <td>0</td>\n",
       "      <td>0</td>\n",
       "      <td>0</td>\n",
       "      <td>0</td>\n",
       "      <td>0</td>\n",
       "      <td>0</td>\n",
       "      <td>0</td>\n",
       "      <td>0</td>\n",
       "    </tr>\n",
       "    <tr>\n",
       "      <th>505</th>\n",
       "      <td>0.04741</td>\n",
       "      <td>0.0</td>\n",
       "      <td>11.93</td>\n",
       "      <td>0</td>\n",
       "      <td>0.573</td>\n",
       "      <td>6.030</td>\n",
       "      <td>80.8</td>\n",
       "      <td>2.5050</td>\n",
       "      <td>273</td>\n",
       "      <td>21.0</td>\n",
       "      <td>...</td>\n",
       "      <td>11.9</td>\n",
       "      <td>1</td>\n",
       "      <td>0</td>\n",
       "      <td>0</td>\n",
       "      <td>0</td>\n",
       "      <td>0</td>\n",
       "      <td>0</td>\n",
       "      <td>0</td>\n",
       "      <td>0</td>\n",
       "      <td>0</td>\n",
       "    </tr>\n",
       "  </tbody>\n",
       "</table>\n",
       "<p>506 rows × 21 columns</p>\n",
       "</div>"
      ],
      "text/plain": [
       "        crim    zn  indus  chas    nox     rm   age     dis  tax  ptratio  \\\n",
       "0    0.00632  18.0   2.31     0  0.538  6.575  65.2  4.0900  296     15.3   \n",
       "1    0.02731   0.0   7.07     0  0.469  6.421  78.9  4.9671  242     17.8   \n",
       "2    0.02729   0.0   7.07     0  0.469  7.185  61.1  4.9671  242     17.8   \n",
       "3    0.03237   0.0   2.18     0  0.458  6.998  45.8  6.0622  222     18.7   \n",
       "4    0.06905   0.0   2.18     0  0.458  7.147  54.2  6.0622  222     18.7   \n",
       "..       ...   ...    ...   ...    ...    ...   ...     ...  ...      ...   \n",
       "501  0.06263   0.0  11.93     0  0.573  6.593  69.1  2.4786  273     21.0   \n",
       "502  0.04527   0.0  11.93     0  0.573  6.120  76.7  2.2875  273     21.0   \n",
       "503  0.06076   0.0  11.93     0  0.573  6.976  91.0  2.1675  273     21.0   \n",
       "504  0.10959   0.0  11.93     0  0.573  6.794  89.3  2.3889  273     21.0   \n",
       "505  0.04741   0.0  11.93     0  0.573  6.030  80.8  2.5050  273     21.0   \n",
       "\n",
       "     ...  medv  rad_1  rad_2  rad_3  rad_4  rad_5  rad_6  rad_7  rad_8  rad_24  \n",
       "0    ...  24.0      1      0      0      0      0      0      0      0       0  \n",
       "1    ...  21.6      0      1      0      0      0      0      0      0       0  \n",
       "2    ...  34.7      0      1      0      0      0      0      0      0       0  \n",
       "3    ...  33.4      0      0      1      0      0      0      0      0       0  \n",
       "4    ...  36.2      0      0      1      0      0      0      0      0       0  \n",
       "..   ...   ...    ...    ...    ...    ...    ...    ...    ...    ...     ...  \n",
       "501  ...  22.4      1      0      0      0      0      0      0      0       0  \n",
       "502  ...  20.6      1      0      0      0      0      0      0      0       0  \n",
       "503  ...  23.9      1      0      0      0      0      0      0      0       0  \n",
       "504  ...  22.0      1      0      0      0      0      0      0      0       0  \n",
       "505  ...  11.9      1      0      0      0      0      0      0      0       0  \n",
       "\n",
       "[506 rows x 21 columns]"
      ]
     },
     "execution_count": 861,
     "metadata": {},
     "output_type": "execute_result"
    }
   ],
   "source": [
    "df = pd.read_csv('Boston.csv')\n",
    "df = df.drop(columns = ['Unnamed: 0'])\n",
    "df = pd.get_dummies(df, columns = ['rad'])\n",
    "df"
   ]
  },
  {
   "cell_type": "code",
   "execution_count": 862,
   "id": "33c12ffc",
   "metadata": {},
   "outputs": [
    {
     "data": {
      "text/html": [
       "<div>\n",
       "<style scoped>\n",
       "    .dataframe tbody tr th:only-of-type {\n",
       "        vertical-align: middle;\n",
       "    }\n",
       "\n",
       "    .dataframe tbody tr th {\n",
       "        vertical-align: top;\n",
       "    }\n",
       "\n",
       "    .dataframe thead th {\n",
       "        text-align: right;\n",
       "    }\n",
       "</style>\n",
       "<table border=\"1\" class=\"dataframe\">\n",
       "  <thead>\n",
       "    <tr style=\"text-align: right;\">\n",
       "      <th></th>\n",
       "      <th>crim</th>\n",
       "      <th>zn</th>\n",
       "      <th>indus</th>\n",
       "      <th>chas</th>\n",
       "      <th>nox</th>\n",
       "      <th>rm</th>\n",
       "      <th>age</th>\n",
       "      <th>dis</th>\n",
       "      <th>tax</th>\n",
       "      <th>ptratio</th>\n",
       "      <th>...</th>\n",
       "      <th>medv</th>\n",
       "      <th>rad_1</th>\n",
       "      <th>rad_2</th>\n",
       "      <th>rad_3</th>\n",
       "      <th>rad_4</th>\n",
       "      <th>rad_5</th>\n",
       "      <th>rad_6</th>\n",
       "      <th>rad_7</th>\n",
       "      <th>rad_8</th>\n",
       "      <th>rad_24</th>\n",
       "    </tr>\n",
       "  </thead>\n",
       "  <tbody>\n",
       "    <tr>\n",
       "      <th>crim</th>\n",
       "      <td>1.000000</td>\n",
       "      <td>-0.200469</td>\n",
       "      <td>0.406583</td>\n",
       "      <td>-0.055892</td>\n",
       "      <td>0.420972</td>\n",
       "      <td>-0.219247</td>\n",
       "      <td>0.352734</td>\n",
       "      <td>-0.379670</td>\n",
       "      <td>0.582764</td>\n",
       "      <td>0.289946</td>\n",
       "      <td>...</td>\n",
       "      <td>-0.388305</td>\n",
       "      <td>-0.084456</td>\n",
       "      <td>-0.091673</td>\n",
       "      <td>-0.116598</td>\n",
       "      <td>-0.197472</td>\n",
       "      <td>-0.184650</td>\n",
       "      <td>-0.093806</td>\n",
       "      <td>-0.075143</td>\n",
       "      <td>-0.084191</td>\n",
       "      <td>0.632302</td>\n",
       "    </tr>\n",
       "    <tr>\n",
       "      <th>zn</th>\n",
       "      <td>-0.200469</td>\n",
       "      <td>1.000000</td>\n",
       "      <td>-0.533828</td>\n",
       "      <td>-0.042697</td>\n",
       "      <td>-0.516604</td>\n",
       "      <td>0.311991</td>\n",
       "      <td>-0.569537</td>\n",
       "      <td>0.664408</td>\n",
       "      <td>-0.314563</td>\n",
       "      <td>-0.391679</td>\n",
       "      <td>...</td>\n",
       "      <td>0.360445</td>\n",
       "      <td>0.248457</td>\n",
       "      <td>0.086702</td>\n",
       "      <td>0.061369</td>\n",
       "      <td>0.076190</td>\n",
       "      <td>-0.005934</td>\n",
       "      <td>0.016154</td>\n",
       "      <td>0.122776</td>\n",
       "      <td>-0.048974</td>\n",
       "      <td>-0.289750</td>\n",
       "    </tr>\n",
       "    <tr>\n",
       "      <th>indus</th>\n",
       "      <td>0.406583</td>\n",
       "      <td>-0.533828</td>\n",
       "      <td>1.000000</td>\n",
       "      <td>0.062938</td>\n",
       "      <td>0.763651</td>\n",
       "      <td>-0.391676</td>\n",
       "      <td>0.644779</td>\n",
       "      <td>-0.708027</td>\n",
       "      <td>0.720760</td>\n",
       "      <td>0.383248</td>\n",
       "      <td>...</td>\n",
       "      <td>-0.483725</td>\n",
       "      <td>-0.179690</td>\n",
       "      <td>-0.049031</td>\n",
       "      <td>-0.279307</td>\n",
       "      <td>-0.030002</td>\n",
       "      <td>-0.108959</td>\n",
       "      <td>-0.099794</td>\n",
       "      <td>-0.166009</td>\n",
       "      <td>-0.169444</td>\n",
       "      <td>0.603593</td>\n",
       "    </tr>\n",
       "    <tr>\n",
       "      <th>chas</th>\n",
       "      <td>-0.055892</td>\n",
       "      <td>-0.042697</td>\n",
       "      <td>0.062938</td>\n",
       "      <td>1.000000</td>\n",
       "      <td>0.091203</td>\n",
       "      <td>0.091251</td>\n",
       "      <td>0.086518</td>\n",
       "      <td>-0.099176</td>\n",
       "      <td>-0.035587</td>\n",
       "      <td>-0.121515</td>\n",
       "      <td>...</td>\n",
       "      <td>0.175260</td>\n",
       "      <td>-0.015326</td>\n",
       "      <td>-0.060828</td>\n",
       "      <td>-0.018572</td>\n",
       "      <td>0.007389</td>\n",
       "      <td>0.056601</td>\n",
       "      <td>-0.063444</td>\n",
       "      <td>-0.050827</td>\n",
       "      <td>0.122381</td>\n",
       "      <td>-0.020051</td>\n",
       "    </tr>\n",
       "    <tr>\n",
       "      <th>nox</th>\n",
       "      <td>0.420972</td>\n",
       "      <td>-0.516604</td>\n",
       "      <td>0.763651</td>\n",
       "      <td>0.091203</td>\n",
       "      <td>1.000000</td>\n",
       "      <td>-0.302188</td>\n",
       "      <td>0.731470</td>\n",
       "      <td>-0.769230</td>\n",
       "      <td>0.668023</td>\n",
       "      <td>0.188933</td>\n",
       "      <td>...</td>\n",
       "      <td>-0.427321</td>\n",
       "      <td>-0.160877</td>\n",
       "      <td>-0.134503</td>\n",
       "      <td>-0.251740</td>\n",
       "      <td>-0.229389</td>\n",
       "      <td>0.075839</td>\n",
       "      <td>-0.080115</td>\n",
       "      <td>-0.183122</td>\n",
       "      <td>-0.119886</td>\n",
       "      <td>0.604139</td>\n",
       "    </tr>\n",
       "    <tr>\n",
       "      <th>rm</th>\n",
       "      <td>-0.219247</td>\n",
       "      <td>0.311991</td>\n",
       "      <td>-0.391676</td>\n",
       "      <td>0.091251</td>\n",
       "      <td>-0.302188</td>\n",
       "      <td>1.000000</td>\n",
       "      <td>-0.240265</td>\n",
       "      <td>0.205246</td>\n",
       "      <td>-0.292048</td>\n",
       "      <td>-0.355501</td>\n",
       "      <td>...</td>\n",
       "      <td>0.695360</td>\n",
       "      <td>0.078383</td>\n",
       "      <td>0.116137</td>\n",
       "      <td>0.076479</td>\n",
       "      <td>-0.113768</td>\n",
       "      <td>0.083847</td>\n",
       "      <td>-0.059651</td>\n",
       "      <td>0.096459</td>\n",
       "      <td>0.211773</td>\n",
       "      <td>-0.222159</td>\n",
       "    </tr>\n",
       "    <tr>\n",
       "      <th>age</th>\n",
       "      <td>0.352734</td>\n",
       "      <td>-0.569537</td>\n",
       "      <td>0.644779</td>\n",
       "      <td>0.086518</td>\n",
       "      <td>0.731470</td>\n",
       "      <td>-0.240265</td>\n",
       "      <td>1.000000</td>\n",
       "      <td>-0.747881</td>\n",
       "      <td>0.506456</td>\n",
       "      <td>0.261515</td>\n",
       "      <td>...</td>\n",
       "      <td>-0.376955</td>\n",
       "      <td>-0.169885</td>\n",
       "      <td>-0.030186</td>\n",
       "      <td>-0.195206</td>\n",
       "      <td>-0.144934</td>\n",
       "      <td>0.012508</td>\n",
       "      <td>-0.069790</td>\n",
       "      <td>-0.188527</td>\n",
       "      <td>-0.009720</td>\n",
       "      <td>0.448516</td>\n",
       "    </tr>\n",
       "    <tr>\n",
       "      <th>dis</th>\n",
       "      <td>-0.379670</td>\n",
       "      <td>0.664408</td>\n",
       "      <td>-0.708027</td>\n",
       "      <td>-0.099176</td>\n",
       "      <td>-0.769230</td>\n",
       "      <td>0.205246</td>\n",
       "      <td>-0.747881</td>\n",
       "      <td>1.000000</td>\n",
       "      <td>-0.534432</td>\n",
       "      <td>-0.232471</td>\n",
       "      <td>...</td>\n",
       "      <td>0.249929</td>\n",
       "      <td>0.215315</td>\n",
       "      <td>0.032031</td>\n",
       "      <td>0.183063</td>\n",
       "      <td>0.159835</td>\n",
       "      <td>-0.025191</td>\n",
       "      <td>0.025432</td>\n",
       "      <td>0.239385</td>\n",
       "      <td>0.065296</td>\n",
       "      <td>-0.489642</td>\n",
       "    </tr>\n",
       "    <tr>\n",
       "      <th>tax</th>\n",
       "      <td>0.582764</td>\n",
       "      <td>-0.314563</td>\n",
       "      <td>0.720760</td>\n",
       "      <td>-0.035587</td>\n",
       "      <td>0.668023</td>\n",
       "      <td>-0.292048</td>\n",
       "      <td>0.506456</td>\n",
       "      <td>-0.534432</td>\n",
       "      <td>1.000000</td>\n",
       "      <td>0.460853</td>\n",
       "      <td>...</td>\n",
       "      <td>-0.468536</td>\n",
       "      <td>-0.140710</td>\n",
       "      <td>-0.195576</td>\n",
       "      <td>-0.274436</td>\n",
       "      <td>-0.226179</td>\n",
       "      <td>-0.246066</td>\n",
       "      <td>-0.048868</td>\n",
       "      <td>-0.114976</td>\n",
       "      <td>-0.141791</td>\n",
       "      <td>0.909506</td>\n",
       "    </tr>\n",
       "    <tr>\n",
       "      <th>ptratio</th>\n",
       "      <td>0.289946</td>\n",
       "      <td>-0.391679</td>\n",
       "      <td>0.383248</td>\n",
       "      <td>-0.121515</td>\n",
       "      <td>0.188933</td>\n",
       "      <td>-0.355501</td>\n",
       "      <td>0.261515</td>\n",
       "      <td>-0.232471</td>\n",
       "      <td>0.460853</td>\n",
       "      <td>1.000000</td>\n",
       "      <td>...</td>\n",
       "      <td>-0.507787</td>\n",
       "      <td>-0.083528</td>\n",
       "      <td>-0.120079</td>\n",
       "      <td>-0.037827</td>\n",
       "      <td>0.165909</td>\n",
       "      <td>-0.478578</td>\n",
       "      <td>-0.068886</td>\n",
       "      <td>-0.004280</td>\n",
       "      <td>-0.049578</td>\n",
       "      <td>0.479177</td>\n",
       "    </tr>\n",
       "    <tr>\n",
       "      <th>lstat</th>\n",
       "      <td>0.455621</td>\n",
       "      <td>-0.412995</td>\n",
       "      <td>0.603800</td>\n",
       "      <td>-0.053929</td>\n",
       "      <td>0.590879</td>\n",
       "      <td>-0.613808</td>\n",
       "      <td>0.602339</td>\n",
       "      <td>-0.496996</td>\n",
       "      <td>0.543993</td>\n",
       "      <td>0.374044</td>\n",
       "      <td>...</td>\n",
       "      <td>-0.737663</td>\n",
       "      <td>-0.150228</td>\n",
       "      <td>-0.082215</td>\n",
       "      <td>-0.142875</td>\n",
       "      <td>-0.033539</td>\n",
       "      <td>-0.151724</td>\n",
       "      <td>-0.011330</td>\n",
       "      <td>-0.121919</td>\n",
       "      <td>-0.146767</td>\n",
       "      <td>0.495285</td>\n",
       "    </tr>\n",
       "    <tr>\n",
       "      <th>medv</th>\n",
       "      <td>-0.388305</td>\n",
       "      <td>0.360445</td>\n",
       "      <td>-0.483725</td>\n",
       "      <td>0.175260</td>\n",
       "      <td>-0.427321</td>\n",
       "      <td>0.695360</td>\n",
       "      <td>-0.376955</td>\n",
       "      <td>0.249929</td>\n",
       "      <td>-0.468536</td>\n",
       "      <td>-0.507787</td>\n",
       "      <td>...</td>\n",
       "      <td>1.000000</td>\n",
       "      <td>0.040453</td>\n",
       "      <td>0.104444</td>\n",
       "      <td>0.167352</td>\n",
       "      <td>-0.065711</td>\n",
       "      <td>0.187356</td>\n",
       "      <td>-0.039411</td>\n",
       "      <td>0.092802</td>\n",
       "      <td>0.190053</td>\n",
       "      <td>-0.396297</td>\n",
       "    </tr>\n",
       "    <tr>\n",
       "      <th>rad_1</th>\n",
       "      <td>-0.084456</td>\n",
       "      <td>0.248457</td>\n",
       "      <td>-0.179690</td>\n",
       "      <td>-0.015326</td>\n",
       "      <td>-0.160877</td>\n",
       "      <td>0.078383</td>\n",
       "      <td>-0.169885</td>\n",
       "      <td>0.215315</td>\n",
       "      <td>-0.140710</td>\n",
       "      <td>-0.083528</td>\n",
       "      <td>...</td>\n",
       "      <td>0.040453</td>\n",
       "      <td>1.000000</td>\n",
       "      <td>-0.045267</td>\n",
       "      <td>-0.057805</td>\n",
       "      <td>-0.106917</td>\n",
       "      <td>-0.110016</td>\n",
       "      <td>-0.047213</td>\n",
       "      <td>-0.037824</td>\n",
       "      <td>-0.045267</td>\n",
       "      <td>-0.120517</td>\n",
       "    </tr>\n",
       "    <tr>\n",
       "      <th>rad_2</th>\n",
       "      <td>-0.091673</td>\n",
       "      <td>0.086702</td>\n",
       "      <td>-0.049031</td>\n",
       "      <td>-0.060828</td>\n",
       "      <td>-0.134503</td>\n",
       "      <td>0.116137</td>\n",
       "      <td>-0.030186</td>\n",
       "      <td>0.032031</td>\n",
       "      <td>-0.195576</td>\n",
       "      <td>-0.120079</td>\n",
       "      <td>...</td>\n",
       "      <td>0.104444</td>\n",
       "      <td>-0.045267</td>\n",
       "      <td>1.000000</td>\n",
       "      <td>-0.063584</td>\n",
       "      <td>-0.117606</td>\n",
       "      <td>-0.121016</td>\n",
       "      <td>-0.051934</td>\n",
       "      <td>-0.041606</td>\n",
       "      <td>-0.049793</td>\n",
       "      <td>-0.132566</td>\n",
       "    </tr>\n",
       "    <tr>\n",
       "      <th>rad_3</th>\n",
       "      <td>-0.116598</td>\n",
       "      <td>0.061369</td>\n",
       "      <td>-0.279307</td>\n",
       "      <td>-0.018572</td>\n",
       "      <td>-0.251740</td>\n",
       "      <td>0.076479</td>\n",
       "      <td>-0.195206</td>\n",
       "      <td>0.183063</td>\n",
       "      <td>-0.274436</td>\n",
       "      <td>-0.037827</td>\n",
       "      <td>...</td>\n",
       "      <td>0.167352</td>\n",
       "      <td>-0.057805</td>\n",
       "      <td>-0.063584</td>\n",
       "      <td>1.000000</td>\n",
       "      <td>-0.150182</td>\n",
       "      <td>-0.154536</td>\n",
       "      <td>-0.066319</td>\n",
       "      <td>-0.053130</td>\n",
       "      <td>-0.063584</td>\n",
       "      <td>-0.169286</td>\n",
       "    </tr>\n",
       "    <tr>\n",
       "      <th>rad_4</th>\n",
       "      <td>-0.197472</td>\n",
       "      <td>0.076190</td>\n",
       "      <td>-0.030002</td>\n",
       "      <td>0.007389</td>\n",
       "      <td>-0.229389</td>\n",
       "      <td>-0.113768</td>\n",
       "      <td>-0.144934</td>\n",
       "      <td>0.159835</td>\n",
       "      <td>-0.226179</td>\n",
       "      <td>0.165909</td>\n",
       "      <td>...</td>\n",
       "      <td>-0.065711</td>\n",
       "      <td>-0.106917</td>\n",
       "      <td>-0.117606</td>\n",
       "      <td>-0.150182</td>\n",
       "      <td>1.000000</td>\n",
       "      <td>-0.285831</td>\n",
       "      <td>-0.122663</td>\n",
       "      <td>-0.098270</td>\n",
       "      <td>-0.117606</td>\n",
       "      <td>-0.313112</td>\n",
       "    </tr>\n",
       "    <tr>\n",
       "      <th>rad_5</th>\n",
       "      <td>-0.184650</td>\n",
       "      <td>-0.005934</td>\n",
       "      <td>-0.108959</td>\n",
       "      <td>0.056601</td>\n",
       "      <td>0.075839</td>\n",
       "      <td>0.083847</td>\n",
       "      <td>0.012508</td>\n",
       "      <td>-0.025191</td>\n",
       "      <td>-0.246066</td>\n",
       "      <td>-0.478578</td>\n",
       "      <td>...</td>\n",
       "      <td>0.187356</td>\n",
       "      <td>-0.110016</td>\n",
       "      <td>-0.121016</td>\n",
       "      <td>-0.154536</td>\n",
       "      <td>-0.285831</td>\n",
       "      <td>1.000000</td>\n",
       "      <td>-0.126220</td>\n",
       "      <td>-0.101118</td>\n",
       "      <td>-0.121016</td>\n",
       "      <td>-0.322190</td>\n",
       "    </tr>\n",
       "    <tr>\n",
       "      <th>rad_6</th>\n",
       "      <td>-0.093806</td>\n",
       "      <td>0.016154</td>\n",
       "      <td>-0.099794</td>\n",
       "      <td>-0.063444</td>\n",
       "      <td>-0.080115</td>\n",
       "      <td>-0.059651</td>\n",
       "      <td>-0.069790</td>\n",
       "      <td>0.025432</td>\n",
       "      <td>-0.048868</td>\n",
       "      <td>-0.068886</td>\n",
       "      <td>...</td>\n",
       "      <td>-0.039411</td>\n",
       "      <td>-0.047213</td>\n",
       "      <td>-0.051934</td>\n",
       "      <td>-0.066319</td>\n",
       "      <td>-0.122663</td>\n",
       "      <td>-0.126220</td>\n",
       "      <td>1.000000</td>\n",
       "      <td>-0.043395</td>\n",
       "      <td>-0.051934</td>\n",
       "      <td>-0.138267</td>\n",
       "    </tr>\n",
       "    <tr>\n",
       "      <th>rad_7</th>\n",
       "      <td>-0.075143</td>\n",
       "      <td>0.122776</td>\n",
       "      <td>-0.166009</td>\n",
       "      <td>-0.050827</td>\n",
       "      <td>-0.183122</td>\n",
       "      <td>0.096459</td>\n",
       "      <td>-0.188527</td>\n",
       "      <td>0.239385</td>\n",
       "      <td>-0.114976</td>\n",
       "      <td>-0.004280</td>\n",
       "      <td>...</td>\n",
       "      <td>0.092802</td>\n",
       "      <td>-0.037824</td>\n",
       "      <td>-0.041606</td>\n",
       "      <td>-0.053130</td>\n",
       "      <td>-0.098270</td>\n",
       "      <td>-0.101118</td>\n",
       "      <td>-0.043395</td>\n",
       "      <td>1.000000</td>\n",
       "      <td>-0.041606</td>\n",
       "      <td>-0.110770</td>\n",
       "    </tr>\n",
       "    <tr>\n",
       "      <th>rad_8</th>\n",
       "      <td>-0.084191</td>\n",
       "      <td>-0.048974</td>\n",
       "      <td>-0.169444</td>\n",
       "      <td>0.122381</td>\n",
       "      <td>-0.119886</td>\n",
       "      <td>0.211773</td>\n",
       "      <td>-0.009720</td>\n",
       "      <td>0.065296</td>\n",
       "      <td>-0.141791</td>\n",
       "      <td>-0.049578</td>\n",
       "      <td>...</td>\n",
       "      <td>0.190053</td>\n",
       "      <td>-0.045267</td>\n",
       "      <td>-0.049793</td>\n",
       "      <td>-0.063584</td>\n",
       "      <td>-0.117606</td>\n",
       "      <td>-0.121016</td>\n",
       "      <td>-0.051934</td>\n",
       "      <td>-0.041606</td>\n",
       "      <td>1.000000</td>\n",
       "      <td>-0.132566</td>\n",
       "    </tr>\n",
       "    <tr>\n",
       "      <th>rad_24</th>\n",
       "      <td>0.632302</td>\n",
       "      <td>-0.289750</td>\n",
       "      <td>0.603593</td>\n",
       "      <td>-0.020051</td>\n",
       "      <td>0.604139</td>\n",
       "      <td>-0.222159</td>\n",
       "      <td>0.448516</td>\n",
       "      <td>-0.489642</td>\n",
       "      <td>0.909506</td>\n",
       "      <td>0.479177</td>\n",
       "      <td>...</td>\n",
       "      <td>-0.396297</td>\n",
       "      <td>-0.120517</td>\n",
       "      <td>-0.132566</td>\n",
       "      <td>-0.169286</td>\n",
       "      <td>-0.313112</td>\n",
       "      <td>-0.322190</td>\n",
       "      <td>-0.138267</td>\n",
       "      <td>-0.110770</td>\n",
       "      <td>-0.132566</td>\n",
       "      <td>1.000000</td>\n",
       "    </tr>\n",
       "  </tbody>\n",
       "</table>\n",
       "<p>21 rows × 21 columns</p>\n",
       "</div>"
      ],
      "text/plain": [
       "             crim        zn     indus      chas       nox        rm       age  \\\n",
       "crim     1.000000 -0.200469  0.406583 -0.055892  0.420972 -0.219247  0.352734   \n",
       "zn      -0.200469  1.000000 -0.533828 -0.042697 -0.516604  0.311991 -0.569537   \n",
       "indus    0.406583 -0.533828  1.000000  0.062938  0.763651 -0.391676  0.644779   \n",
       "chas    -0.055892 -0.042697  0.062938  1.000000  0.091203  0.091251  0.086518   \n",
       "nox      0.420972 -0.516604  0.763651  0.091203  1.000000 -0.302188  0.731470   \n",
       "rm      -0.219247  0.311991 -0.391676  0.091251 -0.302188  1.000000 -0.240265   \n",
       "age      0.352734 -0.569537  0.644779  0.086518  0.731470 -0.240265  1.000000   \n",
       "dis     -0.379670  0.664408 -0.708027 -0.099176 -0.769230  0.205246 -0.747881   \n",
       "tax      0.582764 -0.314563  0.720760 -0.035587  0.668023 -0.292048  0.506456   \n",
       "ptratio  0.289946 -0.391679  0.383248 -0.121515  0.188933 -0.355501  0.261515   \n",
       "lstat    0.455621 -0.412995  0.603800 -0.053929  0.590879 -0.613808  0.602339   \n",
       "medv    -0.388305  0.360445 -0.483725  0.175260 -0.427321  0.695360 -0.376955   \n",
       "rad_1   -0.084456  0.248457 -0.179690 -0.015326 -0.160877  0.078383 -0.169885   \n",
       "rad_2   -0.091673  0.086702 -0.049031 -0.060828 -0.134503  0.116137 -0.030186   \n",
       "rad_3   -0.116598  0.061369 -0.279307 -0.018572 -0.251740  0.076479 -0.195206   \n",
       "rad_4   -0.197472  0.076190 -0.030002  0.007389 -0.229389 -0.113768 -0.144934   \n",
       "rad_5   -0.184650 -0.005934 -0.108959  0.056601  0.075839  0.083847  0.012508   \n",
       "rad_6   -0.093806  0.016154 -0.099794 -0.063444 -0.080115 -0.059651 -0.069790   \n",
       "rad_7   -0.075143  0.122776 -0.166009 -0.050827 -0.183122  0.096459 -0.188527   \n",
       "rad_8   -0.084191 -0.048974 -0.169444  0.122381 -0.119886  0.211773 -0.009720   \n",
       "rad_24   0.632302 -0.289750  0.603593 -0.020051  0.604139 -0.222159  0.448516   \n",
       "\n",
       "              dis       tax   ptratio  ...      medv     rad_1     rad_2  \\\n",
       "crim    -0.379670  0.582764  0.289946  ... -0.388305 -0.084456 -0.091673   \n",
       "zn       0.664408 -0.314563 -0.391679  ...  0.360445  0.248457  0.086702   \n",
       "indus   -0.708027  0.720760  0.383248  ... -0.483725 -0.179690 -0.049031   \n",
       "chas    -0.099176 -0.035587 -0.121515  ...  0.175260 -0.015326 -0.060828   \n",
       "nox     -0.769230  0.668023  0.188933  ... -0.427321 -0.160877 -0.134503   \n",
       "rm       0.205246 -0.292048 -0.355501  ...  0.695360  0.078383  0.116137   \n",
       "age     -0.747881  0.506456  0.261515  ... -0.376955 -0.169885 -0.030186   \n",
       "dis      1.000000 -0.534432 -0.232471  ...  0.249929  0.215315  0.032031   \n",
       "tax     -0.534432  1.000000  0.460853  ... -0.468536 -0.140710 -0.195576   \n",
       "ptratio -0.232471  0.460853  1.000000  ... -0.507787 -0.083528 -0.120079   \n",
       "lstat   -0.496996  0.543993  0.374044  ... -0.737663 -0.150228 -0.082215   \n",
       "medv     0.249929 -0.468536 -0.507787  ...  1.000000  0.040453  0.104444   \n",
       "rad_1    0.215315 -0.140710 -0.083528  ...  0.040453  1.000000 -0.045267   \n",
       "rad_2    0.032031 -0.195576 -0.120079  ...  0.104444 -0.045267  1.000000   \n",
       "rad_3    0.183063 -0.274436 -0.037827  ...  0.167352 -0.057805 -0.063584   \n",
       "rad_4    0.159835 -0.226179  0.165909  ... -0.065711 -0.106917 -0.117606   \n",
       "rad_5   -0.025191 -0.246066 -0.478578  ...  0.187356 -0.110016 -0.121016   \n",
       "rad_6    0.025432 -0.048868 -0.068886  ... -0.039411 -0.047213 -0.051934   \n",
       "rad_7    0.239385 -0.114976 -0.004280  ...  0.092802 -0.037824 -0.041606   \n",
       "rad_8    0.065296 -0.141791 -0.049578  ...  0.190053 -0.045267 -0.049793   \n",
       "rad_24  -0.489642  0.909506  0.479177  ... -0.396297 -0.120517 -0.132566   \n",
       "\n",
       "            rad_3     rad_4     rad_5     rad_6     rad_7     rad_8    rad_24  \n",
       "crim    -0.116598 -0.197472 -0.184650 -0.093806 -0.075143 -0.084191  0.632302  \n",
       "zn       0.061369  0.076190 -0.005934  0.016154  0.122776 -0.048974 -0.289750  \n",
       "indus   -0.279307 -0.030002 -0.108959 -0.099794 -0.166009 -0.169444  0.603593  \n",
       "chas    -0.018572  0.007389  0.056601 -0.063444 -0.050827  0.122381 -0.020051  \n",
       "nox     -0.251740 -0.229389  0.075839 -0.080115 -0.183122 -0.119886  0.604139  \n",
       "rm       0.076479 -0.113768  0.083847 -0.059651  0.096459  0.211773 -0.222159  \n",
       "age     -0.195206 -0.144934  0.012508 -0.069790 -0.188527 -0.009720  0.448516  \n",
       "dis      0.183063  0.159835 -0.025191  0.025432  0.239385  0.065296 -0.489642  \n",
       "tax     -0.274436 -0.226179 -0.246066 -0.048868 -0.114976 -0.141791  0.909506  \n",
       "ptratio -0.037827  0.165909 -0.478578 -0.068886 -0.004280 -0.049578  0.479177  \n",
       "lstat   -0.142875 -0.033539 -0.151724 -0.011330 -0.121919 -0.146767  0.495285  \n",
       "medv     0.167352 -0.065711  0.187356 -0.039411  0.092802  0.190053 -0.396297  \n",
       "rad_1   -0.057805 -0.106917 -0.110016 -0.047213 -0.037824 -0.045267 -0.120517  \n",
       "rad_2   -0.063584 -0.117606 -0.121016 -0.051934 -0.041606 -0.049793 -0.132566  \n",
       "rad_3    1.000000 -0.150182 -0.154536 -0.066319 -0.053130 -0.063584 -0.169286  \n",
       "rad_4   -0.150182  1.000000 -0.285831 -0.122663 -0.098270 -0.117606 -0.313112  \n",
       "rad_5   -0.154536 -0.285831  1.000000 -0.126220 -0.101118 -0.121016 -0.322190  \n",
       "rad_6   -0.066319 -0.122663 -0.126220  1.000000 -0.043395 -0.051934 -0.138267  \n",
       "rad_7   -0.053130 -0.098270 -0.101118 -0.043395  1.000000 -0.041606 -0.110770  \n",
       "rad_8   -0.063584 -0.117606 -0.121016 -0.051934 -0.041606  1.000000 -0.132566  \n",
       "rad_24  -0.169286 -0.313112 -0.322190 -0.138267 -0.110770 -0.132566  1.000000  \n",
       "\n",
       "[21 rows x 21 columns]"
      ]
     },
     "execution_count": 862,
     "metadata": {},
     "output_type": "execute_result"
    }
   ],
   "source": [
    "df.corr()"
   ]
  },
  {
   "cell_type": "code",
   "execution_count": 863,
   "id": "a171cd9f",
   "metadata": {},
   "outputs": [
    {
     "data": {
      "text/html": [
       "<div>\n",
       "<style scoped>\n",
       "    .dataframe tbody tr th:only-of-type {\n",
       "        vertical-align: middle;\n",
       "    }\n",
       "\n",
       "    .dataframe tbody tr th {\n",
       "        vertical-align: top;\n",
       "    }\n",
       "\n",
       "    .dataframe thead th {\n",
       "        text-align: right;\n",
       "    }\n",
       "</style>\n",
       "<table border=\"1\" class=\"dataframe\">\n",
       "  <thead>\n",
       "    <tr style=\"text-align: right;\">\n",
       "      <th></th>\n",
       "      <th>crim</th>\n",
       "      <th>zn</th>\n",
       "      <th>indus</th>\n",
       "      <th>chas</th>\n",
       "      <th>nox</th>\n",
       "      <th>rm</th>\n",
       "      <th>age</th>\n",
       "      <th>dis</th>\n",
       "      <th>tax</th>\n",
       "      <th>ptratio</th>\n",
       "      <th>...</th>\n",
       "      <th>rad_24</th>\n",
       "      <th>rm2</th>\n",
       "      <th>log_age</th>\n",
       "      <th>log_tax</th>\n",
       "      <th>log_nox</th>\n",
       "      <th>log_dis</th>\n",
       "      <th>log_ptratio</th>\n",
       "      <th>zn_tax</th>\n",
       "      <th>nox_dis</th>\n",
       "      <th>lstat_indus</th>\n",
       "    </tr>\n",
       "  </thead>\n",
       "  <tbody>\n",
       "    <tr>\n",
       "      <th>0</th>\n",
       "      <td>0.00632</td>\n",
       "      <td>18.0</td>\n",
       "      <td>2.31</td>\n",
       "      <td>0</td>\n",
       "      <td>0.538</td>\n",
       "      <td>6.575</td>\n",
       "      <td>65.2</td>\n",
       "      <td>4.0900</td>\n",
       "      <td>296</td>\n",
